1 1 0 0 512 47 0 0 1 0 2 0 3 0 4 0 5 0 6 0 7 0 8 0
2 1 0 0 111 63 0 0 1 0
3 1 144 0 31 63 2 0
4 1 208 0 31 63 3 0
5 1 272 0 240 63 4 0 5 0 6 0 7 0 8 0
6 1 0 0 31 1311 0 0 0 1 0 2 0 3 0 4 0 5 0 6 0 7 0 8 0 9 0 10 0 11 0 12 0 13 0 14 0 15 0 16 0 17 0 18 0 19 0 20
7 1 480 0 32 2047 7 0 8 0 7 1 8 1 7 2 8 2 7 3 8 3 7 4 8 4 7 5 8 5 7 6 8 6 7 7 8 7 7 8 8 8 7 9 8 9 7 10 8 10 7 11 8 11 7 12 8 12 7 13 8 13 7 14 8 14 7 15 8 15 7 16 8 16 7 17 8 17 7 18 8 18 7 19 8 19 7 20 8 20 7 21 8 21 7 22 8 22 7 23 8 23 7 24 8 24 7 25 8 25 7 26 8 26 7 27 8 27 7 28 8 28 7 29 8 29 7 30 8 30 7 31 8 31
8 1 0 160 159 31 0 2 1 2 2 2
9 1 96 97 255 30 1 1 2 1 3 1 4 1 5 1
10 1 256 97 31 110 4 1 4 2 4 3
11 1 415 96 65 30 6 1 7 1
12 1 352 161 160 30 5 2 6 2 7 2 8 2
13 1 96 224 416 15 1 3 2 3 3 3 4 3 5 3 6 3 7 3 8 3
14 1 336 224 176 31 5 3 6 3 7 3 8 3
15 1 272 224 31 31 4 3
16 1 208 224 31 31 3 3
17 1 144 224 30 31 2 3
18 1 96 224 14 31 1 3
19 1 0 289 351 30 0 4 1 4 2 4 3 4 4 4 5 4
20 1 352 353 63 30 5 5 6 5
21 1 96 417 255 30 1 6 2 6 3 6 4 6 5 6
22 1 0 481 95 30 0 7 1 7
23 1 0 545 223 30 0 8 1 8 2 8 3 8
24 1 288 545 127 30 4 8 5 8 6 8
25 1 416 609 96 30 6 9 7 9 8 9
26 1 96 673 319 30 1 10 2 10 3 10 4 10 5 10 6 10
27 1 256 673 31 110 4 10 4 11 4 12
28 1 0 737 95 30 0 11 1 11
29 1 416 737 96 30 6 11 7 11 8 11
30 1 96 801 63 30 1 12 2 12
31 1 224 801 191 30 3 12 4 12 5 12 6 12
32 1 320 801 31 110 5 12 5 13 5 14
33 1 0 865 223 30 0 13 1 13 2 13 3 13
34 1 416 865 96 30 6 13 7 13 8 13
35 1 160 929 255 30 2 14 3 14 4 14 5 14 6 14
36 1 256 929 31 110 4 14 4 15 4 16
37 1 0 993 111 30 0 15 1 15
38 1 143 993 16 30 2 15
39 1 0 993 159 14 0 15 1 15 2 15
40 1 416 993 96 30 6 15 7 15 8 15
41 1 96 1057 319 30 1 16 2 16 3 16 4 16 5 16 6 16
42 1 320 1057 31 110 5 16 5 17 5 18
43 1 0 1121 95 30 0 17 1 17
44 1 416 1121 96 30 6 17 7 17 8 17
45 1 0 1185 159 30 0 18 1 18 2 18
46 1 224 1185 288 30 3 18 4 18 5 18 6 18 7 18 8 18
47 1 0 1249 512 62 0 19 1 19 2 19 3 19 4 19 5 19 6 19 7 19 8 19 0 20 1 20 2 20 3 20 4 20 5 20 6 20 7 20 8 20
48 1 0 1392 160 15 0 21 1 21 2 21
49 1 32 1392 128 47 0 21 1 21 2 21 0 22 1 22 2 22
50 1 32 1376 16 63 0 21 0 22
51 1 80 1376 80 63 1 21 2 21 1 22 2 22
52 1 96 1376 64 479 1 21 2 21 1 22 2 22 1 23 2 23 1 24 2 24 1 25 2 25 1 26 2 26 1 27 2 27 1 28 2 28
53 1 96 1456 96 15 1 22 2 22 3 22
54 1 0 1520 64 14 0 23 1 23
55 1 0 1520 32 47 0 23 0 24
56 1 16 1504 16 63 0 23 0 24
57 1 64 1584 128 15 1 24 2 24 3 24
58 1 16 1632 32 63 0 25 0 26
59 1 0 1648 160 47 0 25 1 25 2 25 0 26 1 26 2 26
60 1 80 1632 80 63 1 25 2 25 1 26 2 26
61 1 96 1696 256 159 1 26 2 26 3 26 4 26 5 26 1 27 2 27 3 27 4 27 5 27 1 28 2 28 3 28 4 28 5 28
62 1 0 1760 543 95 0 27 1 27 2 27 3 27 4 27 5 27 6 27 7 27 8 27 0 28 1 28 2 28 3 28 4 28 5 28 6 28 7 28 8 28
63 1 288 1729 255 126 4 27 5 27 6 27 7 27 8 27 4 28 5 28 6 28 7 28 8 28
64 1 192 1648 96 15 3 25 4 25
65 1 192 1520 351 15 3 23 4 23 5 23 6 23 7 23 8 23
66 1 192 1392 96 15 3 21 4 21
67 1 223 1311 320 32 3 20 4 20 5 20 6 20 7 20 8 20
68 1 416 1440 127 159 6 22 7 22 8 22 6 23 7 23 8 23 6 24 7 24 8 24
69 1 223 1473 320 126 3 23 4 23 5 23 6 23 7 23 8 23 3 24 4 24 5 24 6 24 7 24 8 24
70 1 0 1985 543 62 0 31 1 31 2 31 3 31 4 31 5 31 6 31 7 31 8 31
71 1 416 1952 127 95 6 30 7 30 8 30 6 31 7 31 8 31
72 1 480 32 63 159 7 0 8 0 7 1 8 1 7 2 8 2
73 1 480 48 80 63 7 0 8 0 7 1 8 1
74 1 480 48 575 31 7 0 8 0 9 0 10 0 11 0 12 0 13 0 14 0 15 0 16 0 7 1 8 1 9 1 10 1 11 1 12 1 13 1 14 1 15 1 16 1
75 1 576 31 32 48 9 0 9 1
76 1 640 31 32 48 10 0 10 1
77 1 704 32 32 47 11 0 11 1
78 1 768 32 32 47 12 0 12 1
79 1 832 32 32 47 13 0 13 1
80 1 896 32 32 47 14 0 14 1
81 1 960 32 32 47 15 0 15 1
82 1 991 48 64 143 15 0 16 0 15 1 16 1 15 2 16 2
83 1 480 160 703 31 7 2 8 2 9 2 10 2 11 2 12 2 13 2 14 2 15 2 16 2 17 2 18 2
84 1 928 48 16 63 14 0 14 1
85 1 864 48 16 63 13 0 13 1
86 1 800 48 16 63 12 0 12 1
87 1 736 48 16 63 11 0 11 1
88 1 672 48 16 63 10 0 10 1
89 1 608 48 16 63 9 0 9 1
90 1 480 256 575 63 7 4 8 4 9 4 10 4 11 4 12 4 13 4 14 4 15 4 16 4
91 1 1024 0 31 1055 16 0 16 1 16 2 16 3 16 4 16 5 16 6 16 7 16 8 16 9 16 10 16 11 16 12 16 13 16 14 16 15 16 16
92 1 480 256 63 1791 7 4 8 4 7 5 8 5 7 6 8 6 7 7 8 7 7 8 8 8 7 9 8 9 7 10 8 10 7 11 8 11 7 12 8 12 7 13 8 13 7 14 8 14 7 15 8 15 7 16 8 16 7 17 8 17 7 18 8 18 7 19 8 19 7 20 8 20 7 21 8 21 7 22 8 22 7 23 8 23 7 24 8 24 7 25 8 25 7 26 8 26 7 27 8 27 7 28 8 28 7 29 8 29 7 30 8 30 7 31 8 31
93 1 512 417 48 30 8 6
94 1 576 417 31 30 9 6
95 1 736 417 63 30 11 6 12 6
96 1 928 352 127 31 14 5 15 5 16 5
97 1 928 417 127 30 14 6 15 6 16 6
98 1 800 481 127 30 12 7 13 7 14 7
99 1 735 545 64 30 11 8 12 8
100 1 512 609 95 30 8 9 9 9
101 1 672 609 191 30 10 9 11 9 12 9 13 9
102 1 512 624 351 15 8 9 9 9 10 9 11 9 12 9 13 9
103 1 927 609 128 30 14 9 15 9 16 9
104 1 864 673 63 30 13 10 14 10
105 1 512 737 95 30 8 11 9 11
106 1 672 737 63 30 10 11 11 11
107 1 800 737 224 30 12 11 13 11 14 11 15 11 16 11
108 1 608 801 63 30 9 12 10 12
109 1 512 865 287 30 8 13 9 13 10 13 11 13 12 13
110 1 928 865 96 30 14 13 15 13 16 13
111 1 800 929 319 30 12 14 13 14 14 14 15 14 16 14 17 14
112 1 608 993 63 30 9 15 10 15
113 1 736 993 63 30 11 15 12 15
114 1 608 1008 191 15 9 15 10 15 11 15 12 15
115 1 512 1057 95 30 8 16 9 16
116 1 512 1121 288 30 8 17 9 17 10 17 11 17 12 17
117 1 864 1121 53 30 13 17 14 17
118 1 512 1136 415 15 8 17 9 17 10 17 11 17 12 17 13
119 1 512 1185 95 30 8 18 9 18
120 1 608 1249 191 30 9 19 10 19 11 19 12 19
121 1 928 1185 96 30 14 18 15 18 16 18
122 1 863 1248 161 30 13 19 14 19 15 19 16 19
123 1 800 1313 63 30 12 20 13 20
124 1 512 1313 159 30 8 20 9 20 10 20
125 1 671 1377 192 30 10 21 11 21 12 21 13 21
126 1 512 1377 95 30 8 21 9 21
127 1 512 1441 159 30 8 22 9 22 10 22
128 1 928 1377 96 30 14 21 15 21 16 21
129 1 864 1441 158 30 13 22 14 22 15 22
130 1 512 1505 223 30 8 23 9 23 10 23 11 23
131 1 800 1505 127 30 12 23 13 23 14 23
132 1 512 1520 415 15 8 23 9 23 10 23 11 23 12 23 13 23 14 23
133 1 928 1569 96 30 14 24 15 24 16 24
134 1 608 1633 63 30 9 25 10 25
135 1 736 1633 191 30 11 25 12 25 13 25 14 25
136 1 608 1648 319 15 9 25 10 25 11 25 12 25 13 25 14 25
137 1 512 1697 95 30 8 26 9 26
138 1 928 1697 96 30 14 26 15 26 16 26
139 1 800 1761 224 30 12 27 13 27 14 27 15 27 16 27
140 1 512 1761 223 30 8 27 9 27 10 27 11 27
141 1 736 1825 63 30 11 28 12 28
142 1 671 1889 256 30 10 29 11 29 12 29 13 29 14 29
143 1 512 1889 95 30 8 29 9 29
144 1 512 1952 159 31 8 30 9 30 10 30
145 1 928 1953 96 30 14 30 15 30 16 30
146 1 512 2017 512 30 8 31 9 31 10 31 11 31 12 31 13 31 14 31 15 31 16 31
147 1 672 752 352 15 10 11 11 11 12 11 13 11 14 11 15 11 16 11
